<?xml version="1.0" encoding="UTF-8"?>Herlev / Polygon
1
   12.4463513847513	55.7498279524758
   12.4454131057157	55.740458406589
   12.4481518986095	55.7373604176157
     12.4512296966148	55.7312497293482
  12.4533566342014	55.7234034093254
  12.45857447205		55.7168366270411 
  12.4578939405913	55.71454503180259
  12.4529899920189	55.7122195214594 
  12.4523418473709	55.7149801179603
  12.4353073033868	55.7130755722775
  12.4286466439753	55.70758840980971
  12.4248244199666	55.7086752184422
  12.4242727644761	55.70910421434531
  12.4260896563755	55.7171186323156
  12.4143780179105	55.7260047148398
  12.4071899339406	55.72926150163019
  12.4077638463323	55.7320058527724 
  12.409360235484		55.73514438630831
  12.4052392376973	55.73832477826231
  12.400386677727		55.7376860782847
  12.3934015071087	55.75120421552759
  12.3942902047862	55.7583095823997
  12.3951060281946	55.75980651844781
  12.4075714490418	55.7526368935415
  12.4161795914981	55.7529910598018
  12.4359894565661	55.7523662462371
  12.4400975892295	55.7517656607693
  12.4463513847513	55.7498279524758 
END
END